150
288 307
448 212
56 370
408 13
57 142
567 51
135 425
434 471
50 150
430 467
33 333
67 266
190 475
248 369
104 179
20 391
518 179
154 413
69 434
297 285
575 223
47 389
327 321
572 88
470 361
555 22
405 173
159 146
327 119
514 462
457 406
564 46
104 238
138 44
511 274
41 285
528 407
385 55
439 316
334 461
548 88
514 153
100 33
138 427
311 204
600 319
289 44
205 104
473 214
308 215
520 348
19 247
434 435
493 393
463 187
245 210
306 118
554 406
22 404
64 172
447 23
203 127
546 119
230 90
492 377
464 83
244 194
522 390
629 374
14 163
432 418
564 98
375 478
375 429
273 118
600 399
332 354
557 430
312 146
359 196
555 343
278 30
536 479
579 76
405 112
78 68
81 2
37 328
351 411
596 143
80 267
573 284
461 329
393 4
506 143
39 260
165 349
322 413
219 100
328 335
84 246
563 356
279 439
363 341
242 350
483 161
617 415
604 149
135 68
184 352
211 95
164 215
283 165
179 53
616 27
228 219
144 310
95 134
620 169
154 381
519 476
414 47
282 249
547 288
477 90
159 47
56 34
293 18
38 152
71 334
210 330
584 193
319 390
6 170
239 319
391 469
26 356
227 339
284 453
466 440
94 176
38 470
50 11
359 407
34 301
612 83
470 76
595 180
465 472
190 415
