500
105 386
482 214
533 96
393 243
349 429
182 26
139 470
478 352
161 92
224 364
498 34
358 238
408 369
218 261
573 247
480 358
344 1
411 77
256 35
479 124
335 340
149 185
201 18
537 201
302 472
404 479
217 314
396 336
394 325
596 166
571 115
235 467
115 357
383 82
424 381
77 118
113 98
335 185
595 103
546 96
94 341
415 342
174 202
38 247
527 313
125 9
300 199
475 414
108 409
528 211
182 444
520 294
61 246
350 48
188 255
143 441
308 109
335 161
343 372
280 229
364 84
429 23
634 104
309 453
224 68
503 85
31 255
570 444
340 120
491 240
406 25
552 233
166 246
554 188
617 193
608 213
468 396
107 173
531 287
306 275
354 200
519 257
294 129
220 346
600 102
137 365
318 48
438 3
294 383
222 302
287 349
354 114
457 13
446 27
619 431
333 173
23 404
589 348
404 40
565 43
493 61
87 362
109 396
525 274
618 298
415 264
167 1
249 303
333 407
201 311
549 374
515 251
617 175
119 92
246 203
614 98
104 412
140 244
328 216
357 17
385 3
313 71
3 401
405 15
487 318
518 428
371 72
198 379
87 188
470 332
231 475
302 46
246 153
289 125
80 197
622 144
391 294
375 74
86 331
600 285
488 157
72 250
101 301
180 347
329 361
390 271
195 371
636 153
363 476
117 282
544 290
266 134
135 32
559 413
394 39
537 274
227 320
203 167
492 415
385 20
135 455
482 42
185 477
386 260
504 214
221 279
344 6
573 350
229 11
442 143
241 370
96 340
561 330
26 93
296 283
464 431
417 146
504 473
14 281
252 358
494 313
156 37
190 440
419 451
323 60
273 243
302 400
134 382
281 352
634 257
314 458
239 410
635 422
434 8
222 46
397 107
390 265
16 291
384 274
101 66
525 245
501 26
484 154
280 157
25 145
573 50
602 11
171 468
144 125
476 397
10 232
183 271
16 38
81 112
503 342
337 388
426 229
445 142
575 84
138 151
229 102
41 222
112 51
530 415
175 77
363 216
468 225
326 196
615 87
627 317
460 355
96 277
136 381
258 230
496 107
412 84
208 452
18 191
535 259
317 421
15 199
637 34
456 34
69 430
472 407
266 291
122 234
408 129
134 377
198 469
36 1
585 435
293 474
306 219
252 142
639 106
21 315
619 156
61 240
137 212
486 114
55 319
507 334
607 480
102 196
501 457
517 285
252 169
150 429
227 401
410 65
538 302
92 388
9 344
307 305
555 185
291 321
503 157
174 470
157 276
505 369
284 381
205 407
421 194
67 199
626 317
616 363
10 259
142 211
602 161
35 68
345 325
229 367
354 434
548 382
421 285
270 97
25 314
343 478
59 250
196 364
118 203
566 319
621 259
529 102
259 436
202 283
632 302
42 25
575 269
86 228
233 195
164 130
60 218
447 278
19 194
161 296
429 278
7 249
537 55
223 475
202 136
630 34
597 191
538 83
619 336
630 404
210 153
213 302
531 51
259 101
276 132
557 384
249 275
345 337
201 247
44 83
222 353
596 210
63 45
452 393
220 122
636 302
466 240
443 388
482 93
9 150
224 277
565 25
231 429
233 143
67 436
65 320
308 212
209 242
129 341
27 380
334 214
521 479
486 195
259 7
640 267
188 255
575 433
439 357
381 32
339 448
179 244
479 39
167 208
600 455
580 178
515 273
392 427
303 237
334 273
435 45
571 143
299 345
95 450
541 347
1 112
26 211
387 345
409 73
424 49
80 363
98 146
507 9
604 41
597 457
474 232
373 244
246 192
269 340
1 201
558 33
152 264
563 410
448 12
323 71
572 402
465 381
99 331
390 382
371 26
231 204
609 123
608 374
634 428
425 346
20 183
378 204
286 13
453 445
376 7
195 179
408 211
79 346
221 340
440 303
46 350
27 366
632 346
100 178
485 364
363 56
226 293
419 31
145 264
475 72
110 381
570 70
431 200
127 43
220 406
346 425
595 372
22 267
109 441
444 145
517 358
200 262
10 459
485 474
82 31
417 383
604 186
452 394
226 259
149 445
504 174
581 459
97 314
277 45
595 432
29 471
629 388
444 479
78 288
24 351
351 281
94 474
18 225
579 115
483 87
431 59
580 83
549 68
77 25
112 63
8 172
373 28
112 48
378 61
336 242
92 398
74 57
231 123
601 169
590 156
256 60
534 387
495 474
615 411
370 438
473 217
482 397
244 305
124 142
525 171
255 168
248 40
544 350
34 377
519 143
52 166
235 137
584 89
130 398
