1 12 11 10 9 8 7 6 5 4 3 13 23 33 43 53 63 73 83 93 2
2 102 92 82 72 62 52 42 32 22 12 2 0 
0 93 94 95 96 97 98 99 100 101 102 1
4 14 13 2 
5 15 14 3 
6 16 15 4 
7 17 16 5 
8 18 17 6 
9 19 18 7 
10 20 19 8 
11 21 20 9 
12 22 21 10 
22 11 
14 24 23 2 3 
15 25 24 13 4 
16 26 25 14 4 5 
17 27 26 15 5 6 
18 28 27 16 6 7 
19 29 28 17 7 8 
20 30 29 18 8 9 
21 31 30 19 9 10 
22 32 31 20 10 11 
23 33 32 21 11 12 
24 34 33 22 12 13 
25 35 34 23 13 14 
35 24 14 15 
27 37 36 15 16 
28 38 37 26 17 
29 39 38 27 17 18 
30 40 39 28 18 19 
31 41 40 29 19 20 
32 42 41 30 20 21 
33 43 42 31 21 22 
34 44 43 32 22 23 
35 45 44 33 23 24 
36 46 45 34 24 25 
37 47 46 35 25 26 
38 48 47 36 26 27 
48 37 27 28 
40 50 49 28 29 
41 51 50 39 30 
42 52 51 40 30 31 
43 53 52 41 31 32 
44 54 53 42 32 33 
45 55 54 43 33 34 
46 56 55 44 34 35 
47 57 56 45 35 36 
48 58 57 46 36 37 
49 59 58 47 37 38 
50 60 59 48 38 39 
51 61 60 49 39 40 
61 50 40 41 
53 63 62 41 42 
54 64 63 52 43 
55 65 64 53 43 44 
56 66 65 54 44 45 
57 67 66 55 45 46 
58 68 67 56 46 47 
59 69 68 57 47 48 
60 70 69 58 48 49 
61 71 70 59 49 50 
62 72 71 60 50 51 
63 73 72 61 51 52 
64 74 73 62 52 53 
74 63 53 54 
66 76 75 54 55 
67 77 76 65 56 
68 78 77 66 56 57 
69 79 78 67 57 58 
70 80 79 68 58 59 
71 81 80 69 59 60 
72 82 81 70 60 61 
73 83 82 71 61 62 
74 84 83 72 62 63 
75 85 84 73 63 64 
76 86 85 74 64 65 
77 87 86 75 65 66 
87 76 66 67 
79 89 88 67 68 
80 90 89 78 69 
81 91 90 79 69 70 
82 92 91 80 70 71 
83 93 92 81 71 72 
84 94 93 82 72 73 
85 95 94 83 73 74 
86 96 95 84 74 75 
87 97 96 85 75 76 
88 98 97 86 76 77 
89 99 98 87 77 78 
90 99 88 78 79 
89 79 80 
92 80 81 
93 91 82 
94 92 82 83 
95 93 83 84 
96 94 84 85 
97 95 85 86 
98 96 86 87 
99 97 87 88 
100 98 88 89 
101 99 89 90 
102 100 90 91 
103 101 91 92 
