103
10 10
475 175
10 475
115 115
130 115
145 115
160 115
175 115
190 115
205 115
220 115
235 115
250 115
115 130
130 130
145 130
160 130
175 130
190 130
205 130
220 130
235 130
250 130
115 145
130 145
145 145
160 145
175 145
190 145
205 145
220 145
235 145
250 145
115 160
130 160
145 160
160 160
175 160
190 160
205 160
220 160
235 160
250 160
115 175
130 175
145 175
160 175
175 175
190 175
205 175
220 175
235 175
250 175
115 190
130 190
145 190
160 190
175 190
190 190
205 190
220 190
235 190
250 190
115 205
130 205
145 205
160 205
175 205
190 205
205 205
220 205
235 205
250 205
115 220
130 220
145 220
160 220
175 220
190 220
205 220
220 220
235 220
250 220
115 235
130 235
145 235
160 235
175 235
190 235
205 235
220 235
235 235
250 235
115 250
130 250
145 250
160 250
175 250
190 250
205 250
220 250
235 250
250 250
